114318
297906
319716
704696
245302
831126
452988
774182
729296
300514
229754
183808
304304
368860
209324
912952
936616
156162
34756
743606
226532
197436
627384
635350
265700
936844
452656
902354
538716
369062
133530
653030
691080
477356
381838
936378
308482
834822
734674
61890
159448
964424
245694
463748
333284
479130
400814
269898
635288
435566
37616
885930
632998
664996
521280
898694
625952
998046
825160
164666
391220
958688
841808
82298
460156
223644
18676
768634
82580
753346
830520
242024
741882
100328
705770
75164
579454
106582
369172
238854
542144
430898
124784
175140
95894
670174
97946
721842
668218
923104
910620
59436
905904
752426
141732
366058
976066
184518
134692
82758
