2649
21581
29872
19979
11169
14912
14914
13213
12657
3543
24788
4952
12335
13825
10462
28728
28598
13857
23234
814
4798
13550
19200
25740
21620
3066
18658
26684
25959
19531
28296
18688
11220
12952
5511
8012
8014
11323
27740
1706
2193
1688
10923
15549
26758
19836
21082
17561
3463
9391
2918
16623
16089
8597
6840
3241
21960
563
23327
26974
27218
258
11024
12563
5602
29036
22497
4296
8391
24971
9026
5636
20661
14785
3372
28640
28642
10645
6894
15213
3502
2621
24951
19705
23653
5074
11973
29913
16695
2759
5118
10992
17693
9938
12924
14321
19504
13255
12850
20847
27651
26688
29124
5955
22749
14327
29799
364
23163
14293
19428
19119
28047
24543
21251
8174
18418
28875
10321
25624
21422
8890
16455
12104
10459
5209
23431
12385
21296
28714
18330
7711
1863
20102
12428
25893
851
3535
12550
3696
17790
17651
19291
23564
14765
14743
16000
24186
27406
16365
9953
11963
20332
11159
14604
7892
9688
18176
19324
21898
22943
26481
540
24151
13596
9313
5678
10397
5952
8596
18813
25830
2626
23059
14432
19549
4917
10775
13220
9113
23736
24376
21281
22236
26209
24738
11677
10161
6414
24724
24723
20002
25596
20926
28651
1512
28886
27959
6133
27636
18665
20621
28177
20982
18325
146
24796
23358
28163
26782
13547
16616
20208
27058
11469
20431
27768
14627
4932
29689
2966
21099
29439
21624
23067
779
28910
369
23858
10696
11487
24077
15870
14850
6370
17264
6728
19071
23743
18536
399
20397
17299
21350
1632
6407
12970
21358
25252
12446
14272
26343
7257
11345
20556
23871
21232
21850
21018
29731
7660
6562
12043
5303
23220
20257
16972
7013
11188
27550
12494
18945
27621
19400
29337
26886
24703
15512
12392
29587
10194
27162
22940
20528
29353
2459
23136
10954
23264
23610
20403
22480
14967
13180
6898
15027
2294
13908
6698
23396
23824
14093
10867
3231
1853
8096
8068
4677
23800
28967
25856
9502
20940
17757
15333
4968
883
1518
19297
5230
17695
9547
21563
8545
1073
4884
22598
6074
23481
25609
24129
15561
1647
17969
2885
655
26337
20855
21127
24181
1804
18672
29116
1119
13818
17129
2185
14583
2689
3977
12566
5582
25192
4238
23630
24837
26932
11692
22445
3030
7868
8045
18660
26670
10493
21372
6585
14161
24363
18195
25043
13191
28246
26518
7422
12
2392
15323
9759
12956
2011
20063
18861
16263
21477
1829
18735
5239
16304
15325
11107
2039
7408
8322
23314
18249
19697
22745
24356
8255
4525
15043
7377
24778
23028
21003
24365
15506
14882
17668
26352
27211
14511
12502
29889
1261
4279
27480
28088
1933
11698
13234
1999
1997
16444
15173
5927
5614
3087
10334
7015
5275
1393
26463
3539
1765
5725
10075
14106
10870
1194
10151
23235
25686
28328
27090
4192
1454
382
4877
27997
1211
24698
3529
13750
18027
7028
26326
2921
17118
25225
3874
17787
28614
26195
24520
11641
9258
17539
8161
5954
8828
12769
7971
7133
14555
16523
22077
23033
24315
13667
4721
26887
6891
23710
23932
23798
15067
19419
10248
22461
4855
26053
18509
22259
1616
5122
12257
13405
1375
4068
17783
25270
23099
10780
2333
25564
15220
9355
8523
20521
17198
21000
4482
23750
24381
11491
26762
18898
1963
4085
539
18795
21320
24302
9145
1223
19492
20481
22452
18978
10106
1505
21151
9369
21510
10617
21445
5824
5413
11727
22194
21745
26800
12109
24049
24280
3404
2905
7590
3161
10526
26340
5017
27266
14478
26048
17410
9066
5422
14420
17105
14601
7907
18385
12200
24859
22518
7735
8333
15888
5578
5389
17784
16565
12530
10267
14152
15160
3709
9295
5540
26342
5719
14312
7764
24709
21651
23767
10555
28934
7432
22610
27704
5591
26578
4149
16912
21560
27851
26486
2647
1428
17879
23728
22783
13783
28250
29593
7285
7809
4127
8598
4753
29093
18903
27463
10079
1049
26931
6899
4009
25859
23870
11434
6344
21656
2429
4403
7667
2658
26949
25283
25022
22633
22399
23023
28756
16233
2746
9575
965
18886
24436
5042
15343
15796
13174
5035
22868
6877
26072
15595
27336
6213
26522
693
17036
5606
7240
29363
17478
11729
19650
21568
5203
13387
20810
256
15692
24212
2498
14884
21625
27062
18830
7670
16536
14464
2721
22189
13511
22912
15709
15367
23109
21983
19224
17483
4988
900
6493
12675
22391
21123
23591
27734
23822
397
17827
24631
8789
7064
17436
9627
16501
29179
25255
2262
13927
20440
6527
24995
7131
12483
28488
11786
17287
16902
21385
20267
7160
12198
8626
16234
15523
15354
4500
13118
12716
21202
3285
15406
29158
4295
2518
27131
9221
20005
19097
25486
14902
20996
2278
18949
12094
16734
21862
11346
26509
11198
7351
23759
1430
1345
29567
15649
27102
7979
9909
2189
28731
24657
15331
26383
12892
28172
26306
24919
21507
28695
16508
15670
23000
20
28275
9346
21335
229
25782
18177
6960
10551
22659
10236
2312
26045
1018
12673
22673
22454
4861
12220
12181
28062
26606
16310
13686
2002
4089
21206
18378
10636
3685
14090
1245
26775
11315
16412
11223
26064
22499
14759
18684
10035
5755
8477
16664
7867
29502
4821
9731
26368
10128
9916
11913
15236
16376
11306
2582
12096
2703
15378
6706
9382
11771
448
23366
22561
3726
13768
13956
6757
7418
18263
18969
26286
6221
2257
29767
9151
2984
29249
16009
21166
2156
22829
10665
19092
19378
8612
16595
27041
16676
23192
20252
14940
16971
19819
3759
20549
10404
18979
14780
27958
79
26027
20962
11540
21036
4544
4631
7453
29236
12672
20699
3819
25575
18828
23397
24996
10369
9723
14477
24691
22704
23045
8403
2490
11952
4685
14368
4883
5570
25025
17297
5530
28091
20398
19681
23502
25765
10549
27544
26870
27548
252
3141
25922
16529
5598
11292
19925
13479
18602
15404
27660
29642
10199
11585
5872
3307
4056
11085
17189
12701
13684
25532
26044
25505
27537
19949
23825
12561
21870
28335
6625
7272
859
29864
14319
21590
9665
19861
3609
1879
16876
27618
25203
15430
20215
20559
12780
25917
16927
1800
28899
3562
27745
15622
20510
13305
10856
22902
4213
21748
19755
6021
18939
11165
10289
1193
6348
28612
16414
17580
7994
20372
511
22502
29936
6962
1219
24845
15710
6378
2240
15760
29851
7496
12843
28519
15848
15923
24337
8582
28096
11589
28685
9806
18550
20168
6215
26106
20684
10970
5700
14991
2765
1459
27594
16864
19994
6066
28700
11502
12528
14440
14062
622
13928
11801
9350
2930
12055
1545
14522
15579
1949
27770
17054
3419
27720
22858
504
14957
17988
2792
11706
21441
6896
350
27360
20232
3834
28318
22936
23685
26496
7326
66
7781
19313
3525
23836
7263
24469
17818
4188
26771
23964
11956
22590
19468
21497
2826
27865
24927
6530
28264
24288
2525
28458
19367
101
10498
17526
14549
3298
26671
25558
7016
11536
18329
20917
2851
4310
2214
10641
3973
7577
2468
29670
18800
4444
22212
14070
12405
6575
23722
7505
7057
8121
25335
795
16137
15997
3340
9195
16212
27861
25623
2987
5021
20842
13702
1682
2146
25526
16350
20853
16520
4351
27190
27564
10460
4578
11350
13713
13423
26614
9087
15720
5290
17940
26596
11415
3296
9625
23272
5903
560
26398
1085
23156
6
718
14050
4357
24980
9892
19344
5095
23794
12044
19760
1583
28980
15284
20317
25266
27457
25759
12081
9653
23709
29192
20506
13624
24649
17907
7173
27514
2302
4391
6691
10518
14060
15153
11818
18
7259
21532
25054
10026
22042
7144
11497
3608
14096
24697
8533
19440
28045
1875
142
19777
7083
17570
13486
25827
16484
7693
26716
21014
27338
25234
14183
24204
27760
25723
28657
17339
10450
20116
24682
14488
14952
14639
28427
24203
5072
26012
24438
6405
18907
19713
27569
5188
28512
16435
5890
16462
3732
19387
17839
26835
22245
4398
7646
5327
7946
4590
15539
16387
25834
10058
18512
26796
12571
2024
3816
11040
24214
1398
1637
10732
14763
324
25948
24515
3784
10942
1453
8378
16143
24651
23008
8431
23986
12649
11454
5660
8632
16030
27244
19689
27541
21233
20779
6100
28998
14102
25860
19315
4684
13356
10166
10599
27782
11748
14151
18188
1776
687
17286
14099
2601
21602
28029
29633
1452
19115
5820
24421
5914
8896
24195
4240
17698
6149
26607
9343
20006
19494
1651
2709
10974
17358
16019
6926
26431
1166
141
8791
4494
28610
17740
6304
12063
24885
13304
25269
13641
21671
27350
14268
13345
18076
519
24451
19179
7902
23266
27889
2938
9827
19934
23543
8168
27781
13747
17864
21300
27290
21639
14571
8649
21062
15326
5620
19411
4606
2519
22917
22321
160
19698
21135
24713
15337
2730
11586
15399
29997
27536
9963
23044
7192
19211
985
2147
16432
2825
20118
27349
27772
22989
19814
1314
1473
12052
13833
24450
73
28179
12736
3448
13142
12303
9088
13091
6929
22925
21899
28186
7736
8665
9783
18101
2676
14700
29142
3371
14156
21453
8281
18948
16527
1191
3579
24475
19296
355
24294
23969
3630
22716
1432
5758
10180
9106
29564
17212
877
7038
28016
6310
24862
15327
29555
26201
21490
8382
23278
18540
19280
5139
22870
9372
16984
7334
24042
9931
17091
1058
17180
23884
12766
6690
25644
5382
17959
22977
19765
4738
25098
13540
12186
21285
22133
613
9038
1721
1723
18039
16994
16427
23472
18529
12727
14457
15141
17966
22787
6287
27724
7009
23429
10496
23157
3021
22354
22545
26015
27769
5349
8604
15794
24459
29563
2539
4963
13616
11061
24332
4193
14868
21833
3670
19133
28888
16340
16903
3271
25620
21119
922
16712
13073
7274
14282
17095
16282
21776
9462
28334
26519
22261
1019
22315
203
13512
11002
28786
24829
5492
22697
13965
22965
970
12112
21245
833
19868
15360
26224
4091
11257
24273
12901
9410
14413
17279
6182
17657
7822
20076
13371
21944
2558
8124
14776
11328
13923
10508
1123
28456
2780
2177
2896
6918
5452
19111
1481
1483
21604
18625
8436
2836
23143
13019
25793
28101
7584
8354
28400
24157
865
22988
18782
12447
5839
13521
20031
13036
1502
23607
15676
26720
29318
2037
5996
13574
27789
25111
23424
3443
10839
15496
726
12864
2242
3738
7692
14570
15623
17305
20812
26404
5036
10948
8716
18399
27530
19444
29145
10560
17284
2130
14867
494
2852
13995
8603
7967
5393
8022
18449
23467
6910
6076
3188
17682
24854
11910
19089
21558
9650
6953
4123
6485
23930
2194
20567
24531
2806
24408
1237
5432
13981
28708
20296
15724
26426
29572
9919
17915
23086
21768
21185
15101
20406
10909
7550
20131
1041
8829
17458
4075
17096
22314
26724
6580
29182
11448
9769
7435
16306
17905
1173
12235
20441
19882
6263
7116
19039
29041
28933
24973
1498
362
26540
7360
21920
8560
16164
19718
223
9253
18583
21879
27765
22739
15287
3752
8910
27417
13681
1976
27415
27365
23142
824
16134
22080
28129
29443
16266
3663
14530
23283
21575
15352
11802
9240
6727
24928
11551
26146
23128
29140
17469
587
8851
26860
26713
14212
26532
27899
29319
25661
12544
5242
9700
12073
8057
4608
18229
16718
18910
15157
3062
24705
14797
8572
11201
6424
17083
1269
25131
28865
16027
13615
4566
12470
5686
17585
20338
8688
12286
1744
14946
20870
29344
19977
21816
18675
20316
7858
2787
23638
28077
864
1055
29876
23826
22768
20841
12457
26545
3304
17525
22439
1947
1093
17022
15934
25714
2695
25362
21753
17781
9643
12002
18643
11609
10437
7911
22356
17016
16054
8380
25345
22742
9451
3540
23751
16436
29458
7339
11892
14480
14430
6244
8051
20536
16422
1739
8221
9901
1080
20419
13025
23385
10823
20238
19403
25321
11112
7212
21693
22758
2608
28174
23539
25258
1943
1427
14650
14851
809
811
19191
28500
23277
7359
11301
18943
15715
14423
29796
21284
26736
5962
28925
10440
11752
5647
2612
24742
6979
28889
14374
20540
17854
18358
15555
27467
6841
21188
9885
3583
7571
4692
22243
17344
15146
1011
8950
20944
5983
1935
20007
22127
29985
5398
9683
27743
25669
5604
9836
22652
6779
4011
2542
11417
6209
16331
21727
3379
9725
17594
13647
14951
218
26529
6507
6904
10977
6905
27595
19879
10982
19953
14715
18721
10593
20959
4241
7522
3863
20674
4834
6609
49
15973
16364
25291
27955
24727
29881
29824
26411
1283
660
16765
21642
16472
3850
9360
9834
13539
9770
12120
18915
13366
26256
5063
14222
26114
8049
3426
16223
14271
14815
6544
25175
10455
5953
18812
6796
16933
15030
11712
29226
10535
19327
29779
18321
